1.000000
0.500000
0.353553
0.279508
0.233854
0.202523
0.179518
0.161815
0.147716
0.136188
0.126558
0.118368
0.111287
0.105074
0.099548
0.094570
0.090038
0.085869
0.082005
0.078397
0.075010
0.071815
0.068791
0.065919
0.063186
0.060580
0.058092
0.055713
0.053438
0.051259
0.049173
0.047173
0.045257
0.043420
0.041658
0.039968
0.038348
0.036793
0.035302
0.033871
0.032499
0.031182
0.029918
0.028706
0.027543
0.026428
0.025357
0.024330
0.023344
0.022399
0.021491
0.020621
0.019785
0.018984
0.018215
0.017477
0.016769
0.016090
0.015438
0.014813
0.014213
0.013637
0.013085
0.012555
0.012046
0.011558
0.011090
0.010641
0.010210
0.009796
0.009399
0.009019
0.008653
0.008303
0.007966
0.007644
0.007334
0.007037
0.006752
0.006478
0.006216
0.005964
0.005723
0.005491
0.005268
0.005055
0.004850
0.004654
0.004465
0.004284
0.004111
0.003944
0.003785
0.003631
0.003484
0.003343
0.003208
0.003078
0.002953
0.002833
0.002719
0.002609
0.002503
0.002401
0.002304
0.002211
0.002121
0.002035
0.001953
0.001874
0.001798
0.001725
0.001655
0.001588
0.001524
0.001462
0.001403
0.001346
0.001292
0.001239
0.001189
0.001141
0.001095
0.001050
0.001008
0.000967
