10 47672.000000
11 6214.000000
12 3124.000000
13 3110.000000
14 3168.000000
15 4103.000000
16 5104.000000
17 8022.000000
18 3478.000000
19 4034.000000
20 3459.000000
21 3363.000000
22 3419.000000
23 3400.000000
24 3468.000000
25 3579.000000
26 3699.000000
27 3322.000000
28 3301.000000
29 3608.000000
30 3311.000000
31 3625.000000
32 3696.000000
33 3600.000000
34 3707.000000
35 3911.000000
36 3901.000000
37 3812.000000
38 3797.000000
39 4089.000000
40 4141.000000
41 4276.000000
42 4104.000000
43 4183.000000
44 4368.000000
45 4920.000000
46 4588.000000
47 4237.000000
48 4358.000000
49 4421.000000
50 4757.000000
51 4534.000000
52 4356.000000
53 4664.000000
54 4697.000000
55 5066.000000
56 4661.000000
57 4888.000000
58 4857.000000
59 4904.000000
60 7060.000000
61 5451.000000
62 5319.000000
63 5110.000000
64 5057.000000
65 5101.000000
66 5204.000000
67 5523.000000
68 5459.000000
69 5442.000000
70 5522.000000
71 5422.000000
72 5540.000000
73 5796.000000
74 5797.000000
75 5880.000000
76 5834.000000
77 5790.000000
78 6098.000000
79 6023.000000
80 6097.000000
81 6145.000000
82 5974.000000
83 6166.000000
84 6213.000000
85 6313.000000
86 6236.000000
87 6583.000000
88 6469.000000
89 6875.000000
90 6714.000000
91 6578.000000
92 6517.000000
93 7159.000000
94 12697.000000
95 6687.000000
96 6500.000000
97 6677.000000
98 6733.000000
99 6833.000000
100 6842.000000
101 7049.000000
102 6925.000000
103 6857.000000
104 7093.000000
105 7396.000000
106 7363.000000
107 7199.000000
108 7578.000000
109 7303.000000
110 7355.000000
111 7597.000000
112 7424.000000
113 7908.000000
114 7831.000000
115 7822.000000
116 7731.000000
117 8028.000000
118 7927.000000
119 7833.000000
120 7984.000000
121 8066.000000
122 8264.000000
123 7994.000000
124 8017.000000
125 8066.000000
126 8379.000000
127 8679.000000
128 8420.000000
129 8571.000000
130 8597.000000
131 8580.000000
132 8678.000000
133 8749.000000
134 8581.000000
135 8679.000000
136 8709.000000
137 8908.000000
138 8856.000000
139 11119.000000
140 9061.000000
141 8924.000000
142 9076.000000
143 9151.000000
144 9008.000000
145 9098.000000
146 9297.000000
147 9134.000000
148 9170.000000
149 9205.000000
150 9251.000000
151 9395.000000
152 9383.000000
153 9490.000000
154 9584.000000
155 9470.000000
156 9814.000000
157 9912.000000
158 10033.000000
159 9823.000000
160 10066.000000
161 9876.000000
162 9841.000000
163 9933.000000
164 10048.000000
165 10041.000000
166 10111.000000
167 10186.000000
168 10163.000000
169 10287.000000
170 10363.000000
171 10365.000000
172 10390.000000
173 10488.000000
174 10515.000000
175 10545.000000
176 10568.000000
177 10672.000000
178 11312.000000
179 10557.000000
180 10933.000000
181 10715.000000
182 11076.000000
183 11106.000000
184 10960.000000
185 11276.000000
186 11409.000000
187 10784.000000
188 11026.000000
189 11487.000000
190 11033.000000
191 11416.000000
192 11548.000000
193 11656.000000
194 11323.000000
195 11452.000000
196 11515.000000
197 11679.000000
198 11708.000000
199 11502.000000
200 12067.000000
201 11957.000000
202 16925.000000
203 12286.000000
204 13230.000000
205 12090.000000
206 12178.000000
207 12086.000000
208 12098.000000
209 12468.000000
210 12348.000000
211 12323.000000
212 12253.000000
213 12485.000000
214 12691.000000
215 12472.000000
216 12580.000000
217 12634.000000
218 13056.000000
219 13051.000000
220 13037.000000
221 12711.000000
222 12945.000000
223 12933.000000
224 12959.000000
225 14514.000000
226 13346.000000
227 13374.000000
228 13102.000000
229 13117.000000
230 13356.000000
231 13487.000000
232 13342.000000
233 13566.000000
234 13601.000000
235 13730.000000
236 13910.000000
237 13635.000000
238 13526.000000
239 13762.000000
240 13790.000000
241 13853.000000
242 13961.000000
243 13877.000000
244 14919.000000
245 14980.000000
246 14307.000000
247 14622.000000
248 15269.000000
249 16651.000000
250 16036.000000
251 19603.000000
252 15540.000000
253 16137.000000
254 15876.000000
255 15153.000000
256 15113.000000
257 14613.000000
258 14562.000000
259 15005.000000
260 16803.000000
261 15331.000000
262 14929.000000
263 14997.000000
264 14998.000000
265 21281.000000
266 14899.000000
267 14737.000000
268 14854.000000
269 15089.000000
270 14868.000000
271 15631.000000
272 14982.000000
273 15358.000000
274 15379.000000
275 15288.000000
276 15378.000000
277 15342.000000
278 15261.000000
279 20374.000000
280 19517.000000
281 16635.000000
282 16926.000000
283 16722.000000
284 17990.000000
285 16298.000000
286 19934.000000
287 15994.000000
288 16791.000000
289 16335.000000
290 16247.000000
291 16788.000000
292 16294.000000
293 16922.000000
294 16522.000000
295 16829.000000
296 16743.000000
297 17111.000000
298 16450.000000
299 16732.000000
300 17366.000000
301 16607.000000
302 17135.000000
303 16922.000000
304 17222.000000
305 17058.000000
306 17005.000000
307 16979.000000
308 17552.000000
309 17476.000000
310 17587.000000
311 17710.000000
312 17210.000000
313 17783.000000
314 17342.000000
315 17553.000000
316 18002.000000
317 17648.000000
318 17937.000000
319 18034.000000
320 17945.000000
321 17670.000000
322 18314.000000
323 17958.000000
324 18373.000000
325 18496.000000
326 18833.000000
327 18345.000000
328 18023.000000
329 18142.000000
330 18220.000000
331 18680.000000
332 18093.000000
333 18393.000000
334 18892.000000
335 18931.000000
336 19369.000000
337 18677.000000
338 18650.000000
339 18889.000000
340 18602.000000
341 18927.000000
342 18954.000000
343 19002.000000
344 18898.000000
345 19867.000000
346 18880.000000
347 18727.000000
348 19358.000000
349 19426.000000
350 19180.000000
351 19236.000000
352 18933.000000
353 19453.000000
354 19210.000000
355 19416.000000
356 19701.000000
357 19805.000000
358 19503.000000
359 19989.000000
360 19706.000000
361 19634.000000
362 19421.000000
363 19840.000000
364 19879.000000
365 20095.000000
366 20011.000000
367 29984.000000
368 19605.000000
369 20208.000000
370 20223.000000
371 20284.000000
372 20381.000000
373 20213.000000
374 20341.000000
375 20494.000000
376 20965.000000
377 20388.000000
378 21068.000000
379 21243.000000
380 20951.000000
381 26549.000000
382 21478.000000
383 20908.000000
384 20898.000000
385 20717.000000
386 20894.000000
387 21356.000000
388 21074.000000
389 21088.000000
390 21181.000000
391 21323.000000
392 22025.000000
393 21096.000000
394 21723.000000
395 21137.000000
396 21130.000000
397 21419.000000
398 21656.000000
399 21711.000000
400 21567.000000
401 21594.000000
402 21539.000000
403 21825.000000
404 21783.000000
405 22382.000000
406 22859.000000
407 22616.000000
408 22449.000000
409 23558.000000
410 22474.000000
411 23043.000000
412 22685.000000
413 331261.000000
414 22769.000000
415 22822.000000
416 22607.000000
417 23341.000000
418 23202.000000
419 22693.000000
420 23241.000000
421 22675.000000
422 23511.000000
423 23422.000000
424 23163.000000
425 23033.000000
426 23400.000000
427 23364.000000
428 22972.000000
429 23360.000000
430 23816.000000
431 22906.000000
432 22939.000000
433 22937.000000
434 23038.000000
435 23186.000000
436 23216.000000
437 23419.000000
438 24060.000000
439 23546.000000
440 23563.000000
441 23600.000000
442 24679.000000
443 23443.000000
444 24074.000000
445 24279.000000
446 24438.000000
447 23390.000000
448 24389.000000
449 23612.000000
450 23721.000000
451 23937.000000
452 24061.000000
453 24134.000000
454 24319.000000
455 24122.000000
456 24221.000000
457 24855.000000
458 24056.000000
459 24429.000000
460 24588.000000
461 24210.000000
462 24306.000000
463 24491.000000
464 24398.000000
465 24991.000000
466 24803.000000
467 24675.000000
468 24979.000000
469 24864.000000
470 24849.000000
471 25018.000000
472 24795.000000
473 25689.000000
474 25173.000000
475 25311.000000
476 27134.000000
477 25875.000000
478 25364.000000
479 25419.000000
480 25130.000000
481 25538.000000
482 25634.000000
483 25633.000000
484 25644.000000
485 25705.000000
486 26298.000000
487 25340.000000
488 25921.000000
489 25886.000000
490 25791.000000
491 25820.000000
492 25717.000000
493 25674.000000
494 26222.000000
495 26306.000000
496 25932.000000
497 25933.000000
498 26340.000000
499 26104.000000
500 26318.000000
501 26484.000000
502 26782.000000
503 26542.000000
504 26513.000000
505 26679.000000
506 26824.000000
507 26793.000000
508 26949.000000
509 27183.000000
510 27038.000000
511 26990.000000
512 26978.000000
513 28176.000000
514 27316.000000
515 27846.000000
516 27375.000000
517 27273.000000
518 26954.000000
519 27010.000000
520 28003.000000
521 27249.000000
522 27373.000000
523 27218.000000
524 33524.000000
525 28061.000000
526 27806.000000
527 27385.000000
528 27632.000000
529 27809.000000
530 27569.000000
531 27589.000000
532 28084.000000
533 27838.000000
534 28110.000000
535 27785.000000
536 28238.000000
537 28350.000000
538 28311.000000
539 28018.000000
540 28409.000000
541 28391.000000
542 28139.000000
543 28670.000000
544 28387.000000
545 28567.000000
546 28582.000000
547 28641.000000
548 28627.000000
549 28388.000000
550 28478.000000
551 28570.000000
552 28488.000000
553 28869.000000
554 29001.000000
555 28510.000000
556 29411.000000
557 29274.000000
558 30080.000000
559 29049.000000
560 29122.000000
561 29477.000000
562 29411.000000
563 29121.000000
564 29718.000000
565 29783.000000
566 29278.000000
567 29704.000000
568 29806.000000
569 29567.000000
570 29921.000000
571 29526.000000
572 29892.000000
573 30083.000000
574 30102.000000
575 30016.000000
576 30105.000000
577 29906.000000
578 30733.000000
579 31597.000000
580 30158.000000
581 29891.000000
582 28981.000000
583 28907.000000
584 29083.000000
585 30173.000000
586 29524.000000
587 29659.000000
588 29675.000000
589 29278.000000
590 29325.000000
591 29463.000000
592 29518.000000
593 29996.000000
594 29521.000000
595 29850.000000
596 30055.000000
597 29791.000000
598 30669.000000
599 29799.000000
600 29987.000000
601 30212.000000
602 29979.000000
603 30164.000000
604 30253.000000
605 30144.000000
606 30606.000000
607 31355.000000
608 31698.000000
609 31693.000000
610 31822.000000
611 31952.000000
612 31839.000000
613 31761.000000
614 31668.000000
615 32049.000000
616 32050.000000
617 31677.000000
618 32122.000000
619 32030.000000
620 31601.000000
621 31317.000000
622 31291.000000
623 31227.000000
624 32049.000000
625 32048.000000
626 32310.000000
627 31790.000000
628 31736.000000
629 31546.000000
630 32461.000000
631 31437.000000
632 31529.000000
633 31388.000000
634 31907.000000
635 33400.000000
636 32310.000000
637 32750.000000
638 32827.000000
639 32128.000000
640 33622.000000
641 32794.000000
642 34013.000000
643 33414.000000
644 32935.000000
645 32489.000000
646 33249.000000
647 33298.000000
648 32585.000000
649 32951.000000
650 32855.000000
651 32753.000000
652 33250.000000
653 33090.000000
654 33323.000000
655 34057.000000
656 33358.000000
657 40221.000000
658 34246.000000
659 33793.000000
660 34285.000000
661 34982.000000
662 34979.000000
663 34714.000000
664 33888.000000
665 35175.000000
666 34321.000000
667 35319.000000
668 34748.000000
669 34678.000000
670 34676.000000
671 34341.000000
672 34257.000000
673 34635.000000
674 34119.000000
675 34461.000000
676 35976.000000
677 34566.000000
678 34620.000000
679 35385.000000
680 41328.000000
681 36295.000000
682 52285.000000
683 36298.000000
684 34860.000000
685 35458.000000
686 35091.000000
687 35535.000000
688 35550.000000
689 35645.000000
690 36036.000000
691 35727.000000
692 36661.000000
693 36468.000000
694 36390.000000
695 36418.000000
696 37237.000000
697 36527.000000
698 39353.000000
699 38072.000000
700 36297.000000
701 36010.000000
702 35815.000000
703 35900.000000
704 36552.000000
705 36506.000000
706 37445.000000
707 36252.000000
708 36587.000000
709 36676.000000
710 37769.000000
711 37799.000000
712 37805.000000
713 37163.000000
714 43861.000000
715 36888.000000
716 37036.000000
717 37031.000000
718 150466.000000
719 38170.000000
720 37808.000000
721 38607.000000
722 38699.000000
723 37357.000000
724 37739.000000
725 37596.000000
726 37550.000000
727 38502.000000
728 37754.000000
729 37491.000000
730 38676.000000
731 37838.000000
732 38677.000000
733 38727.000000
734 38828.000000
735 37982.000000
736 38867.000000
737 39020.000000
738 39018.000000
739 38199.000000
740 37751.000000
741 39126.000000
742 39072.000000
743 39175.000000
744 39300.000000
745 38794.000000
746 38244.000000
747 38588.000000
748 42387.000000
749 39488.000000
750 38875.000000
751 39866.000000
752 38644.000000
753 39034.000000
754 38732.000000
755 39301.000000
756 39264.000000
757 38612.000000
758 40248.000000
759 38830.000000
760 39539.000000
761 40069.000000
762 38721.000000
763 39285.000000
764 38904.000000
765 50391.000000
766 39555.000000
767 39015.000000
768 39609.000000
769 39692.000000
770 39483.000000
771 39696.000000
772 39720.000000
773 39312.000000
774 39462.000000
775 40986.000000
776 40098.000000
777 41061.000000
778 40280.000000
779 40199.000000
780 40444.000000
781 46319.000000
782 41112.000000
783 40755.000000
784 40676.000000
785 43750.000000
786 41686.000000
787 40002.000000
788 40505.000000
789 41552.000000
790 40676.000000
791 40699.000000
792 40797.000000
793 40788.000000
794 40449.000000
795 41058.000000
796 42082.000000
797 40549.000000
798 41606.000000
799 41526.000000
800 42612.000000
801 43877.000000
802 41489.000000
803 41486.000000
804 41568.000000
805 42281.000000
806 41569.000000
807 42473.000000
808 57449.000000
809 52550.000000
810 42561.000000
811 42232.000000
812 42047.000000
813 148629.000000
814 42670.000000
815 42051.000000
816 41509.000000
817 41704.000000
818 42080.000000
819 41525.000000
820 42259.000000
821 43205.000000
822 43188.000000
823 42087.000000
824 41772.000000
825 43452.000000
826 42068.000000
827 47147.000000
828 42005.000000
829 42235.000000
830 43695.000000
831 42106.000000
832 42910.000000
833 42407.000000
834 42270.000000
835 42934.000000
836 42957.000000
837 42664.000000
838 43051.000000
839 42974.000000
840 43113.000000
841 43151.000000
842 43372.000000
843 43196.000000
844 43355.000000
845 43591.000000
846 43518.000000
847 44415.000000
848 43521.000000
849 43524.000000
850 44600.000000
851 43118.000000
852 43815.000000
853 43312.000000
854 43727.000000
855 44930.000000
856 43881.000000
857 44982.000000
858 44007.000000
859 44150.000000
860 44271.000000
861 44363.000000
862 44205.000000
863 44173.000000
864 44332.000000
865 44256.000000
866 638869.000000
867 43986.000000
868 44457.000000
869 43878.000000
870 44596.000000
871 44703.000000
872 49506.000000
873 44822.000000
874 44548.000000
875 44877.000000
876 45925.000000
877 46049.000000
878 45067.000000
879 46015.000000
880 45000.000000
881 44982.000000
882 57933.000000
883 50148.000000
884 46127.000000
885 45432.000000
886 45308.000000
887 46019.000000
888 45255.000000
889 45436.000000
890 45019.000000
891 46467.000000
892 45674.000000
893 45485.000000
894 44945.000000
895 45534.000000
896 45642.000000
897 45244.000000
898 45186.000000
899 45305.000000
900 46130.000000
901 45968.000000
902 46135.000000
903 46000.000000
904 45878.000000
905 46087.000000
906 46158.000000
907 45962.000000
908 47536.000000
909 46427.000000
910 46522.000000
911 46266.000000
912 46378.000000
913 46411.000000
914 46530.000000
915 46711.000000
916 46819.000000
917 47690.000000
918 46872.000000
919 46788.000000
920 46820.000000
921 45936.000000
922 46928.000000
923 46788.000000
924 47222.000000
925 47075.000000
926 46911.000000
927 47086.000000
928 47216.000000
929 46705.000000
930 54973.000000
931 47280.000000
932 46990.000000
933 48640.000000
934 48644.000000
935 47547.000000
936 47709.000000
937 47704.000000
938 47548.000000
939 48054.000000
940 75366.000000
941 66595.000000
942 147166.000000
943 55982.000000
944 49635.000000
945 49100.000000
946 48536.000000
947 49857.000000
948 49813.000000
949 49312.000000
950 48842.000000
951 48764.000000
952 48499.000000
953 48887.000000
954 48388.000000
955 49306.000000
956 51203.000000
957 50855.000000
958 49628.000000
959 50155.000000
960 49078.000000
961 49234.000000
962 49243.000000
963 50319.000000
964 49771.000000
965 49832.000000
966 62572.000000
967 55501.000000
968 49583.000000
969 49536.000000
970 49276.000000
971 49730.000000
972 49819.000000
973 49356.000000
974 49853.000000
975 49092.000000
976 49948.000000
977 49192.000000
978 50074.000000
979 50383.000000
980 56357.000000
981 50052.000000
982 50040.000000
983 50860.000000
984 52819.000000
985 53827.000000
986 51084.000000
987 49860.000000
988 50423.000000
989 52235.000000
990 54573.000000
991 52272.000000
992 50858.000000
993 50765.000000
994 50607.000000
995 58925.000000
996 51298.000000
997 50865.000000
998 50943.000000
999 51156.000000
