10 49523.000000
11 8479.000000
12 6634.000000
13 5902.000000
14 3873.000000
15 3509.000000
16 3812.000000
17 11026.000000
18 4484.000000
19 3517.000000
20 3605.000000
21 3519.000000
22 3627.000000
23 3676.000000
24 3752.000000
25 3477.000000
26 5584.000000
27 3621.000000
28 3319.000000
29 3754.000000
30 3338.000000
31 3480.000000
32 4072.000000
33 3510.000000
34 3933.000000
35 3985.000000
36 3658.000000
37 4174.000000
38 3761.000000
39 3873.000000
40 4352.000000
41 4448.000000
42 4328.000000
43 4080.000000
44 4891.000000
45 4823.000000
46 4342.000000
47 4190.000000
48 4413.000000
49 4429.000000
50 4994.000000
51 4803.000000
52 4684.000000
53 4796.000000
54 5037.000000
55 5072.000000
56 4921.000000
57 5117.000000
58 5486.000000
59 5453.000000
60 5583.000000
61 5525.000000
62 6900.000000
63 5143.000000
64 5072.000000
65 5134.000000
66 5115.000000
67 5142.000000
68 5412.000000
69 5373.000000
70 5300.000000
71 5406.000000
72 5507.000000
73 5818.000000
74 5527.000000
75 5514.000000
76 5603.000000
77 5829.000000
78 5821.000000
79 5953.000000
80 5961.000000
81 5991.000000
82 6432.000000
83 6427.000000
84 6055.000000
85 6428.000000
86 6357.000000
87 6716.000000
88 6753.000000
89 6169.000000
90 6550.000000
91 6551.000000
92 7117.000000
93 6601.000000
94 6487.000000
95 7021.000000
96 6800.000000
97 7406.000000
98 6868.000000
99 6910.000000
100 7255.000000
101 7379.000000
102 7551.000000
103 6940.000000
104 7131.000000
105 7302.000000
106 7607.000000
107 9602.000000
108 7275.000000
109 7281.000000
110 7367.000000
111 7621.000000
112 7509.000000
113 7732.000000
114 7952.000000
115 8084.000000
116 7608.000000
117 8071.000000
118 7983.000000
119 7866.000000
120 8116.000000
121 8267.000000
122 7977.000000
123 8071.000000
124 8018.000000
125 8779.000000
126 8113.000000
127 8297.000000
128 8279.000000
129 8862.000000
130 15293.000000
131 8526.000000
132 8304.000000
133 8434.000000
134 8473.000000
135 8586.000000
136 8546.000000
137 8773.000000
138 8659.000000
139 8706.000000
140 8729.000000
141 8768.000000
142 8801.000000
143 8919.000000
144 8888.000000
145 9468.000000
146 9061.000000
147 9114.000000
148 9250.000000
149 9284.000000
150 9264.000000
151 9370.000000
152 9446.000000
153 9448.000000
154 9390.000000
155 9606.000000
156 9537.000000
157 9609.000000
158 9695.000000
159 9818.000000
160 9705.000000
161 9691.000000
162 9839.000000
163 10003.000000
164 10332.000000
165 9965.000000
166 10093.000000
167 10122.000000
168 10090.000000
169 10071.000000
170 10255.000000
171 10391.000000
172 10398.000000
173 10475.000000
174 10374.000000
175 16711.000000
176 22275.000000
177 10850.000000
178 11096.000000
179 10644.000000
180 10703.000000
181 10768.000000
182 11511.000000
183 11142.000000
184 11019.000000
185 10730.000000
186 19198.000000
187 12525.000000
188 11102.000000
189 11228.000000
190 11585.000000
191 57388.000000
192 11935.000000
193 11336.000000
194 11296.000000
195 11458.000000
196 11570.000000
197 13507.000000
198 11642.000000
199 11717.000000
200 11764.000000
201 11741.000000
202 11844.000000
203 11889.000000
204 11943.000000
205 11990.000000
206 12061.000000
207 11997.000000
208 12038.000000
209 12508.000000
210 12438.000000
211 12277.000000
212 12412.000000
213 12346.000000
214 12915.000000
215 12567.000000
216 12677.000000
217 12679.000000
218 12830.000000
219 12969.000000
220 13158.000000
221 13040.000000
222 12947.000000
223 13443.000000
224 33483.000000
225 14253.000000
226 16615.000000
227 20611.000000
228 17288.000000
229 13963.000000
230 15674.000000
231 14520.000000
232 14194.000000
233 14220.000000
234 15593.000000
235 15787.000000
236 14777.000000
237 13989.000000
238 14138.000000
239 16182.000000
240 15455.000000
241 16341.000000
242 14863.000000
243 14678.000000
244 14438.000000
245 14321.000000
246 19382.000000
247 15543.000000
248 14332.000000
249 16717.000000
250 19739.000000
251 14801.000000
252 14589.000000
253 15006.000000
254 14892.000000
255 14851.000000
256 14682.000000
257 15564.000000
258 15286.000000
259 15534.000000
260 15697.000000
261 30350.000000
262 16104.000000
263 15793.000000
264 15828.000000
265 15895.000000
266 15541.000000
267 18676.000000
268 16925.000000
269 15569.000000
270 15795.000000
271 15678.000000
272 15808.000000
273 15891.000000
274 18455.000000
275 16105.000000
276 16024.000000
277 15618.000000
278 15891.000000
279 15984.000000
280 16040.000000
281 16122.000000
282 16073.000000
283 16159.000000
284 16075.000000
285 16189.000000
286 16144.000000
287 16322.000000
288 16314.000000
289 16505.000000
290 16370.000000
291 16489.000000
292 16531.000000
293 16584.000000
294 16670.000000
295 16896.000000
296 16740.000000
297 16680.000000
298 16616.000000
299 16859.000000
300 16880.000000
301 17174.000000
302 17239.000000
303 17076.000000
304 17198.000000
305 17477.000000
306 17319.000000
307 17527.000000
308 17872.000000
309 17702.000000
310 17486.000000
311 17734.000000
312 17718.000000
313 17743.000000
314 17643.000000
315 18304.000000
316 18324.000000
317 17918.000000
318 18034.000000
319 17948.000000
320 18207.000000
321 18156.000000
322 18357.000000
323 18216.000000
324 18267.000000
325 18371.000000
326 18485.000000
327 18698.000000
328 18528.000000
329 18539.000000
330 18447.000000
331 18626.000000
332 18574.000000
333 19180.000000
334 17094.000000
335 17344.000000
336 17777.000000
337 17416.000000
338 17433.000000
339 17487.000000
340 17706.000000
341 17287.000000
342 18028.000000
343 17638.000000
344 17708.000000
345 17610.000000
346 17814.000000
347 18007.000000
348 17640.000000
349 17960.000000
350 18427.000000
351 18112.000000
352 21104.000000
353 20133.000000
354 19811.000000
355 19766.000000
356 19515.000000
357 19114.000000
358 19374.000000
359 18747.000000
360 19073.000000
361 19681.000000
362 19918.000000
363 19267.000000
364 19604.000000
365 20101.000000
366 19814.000000
367 19545.000000
368 19470.000000
369 20160.000000
370 19460.000000
371 19338.000000
372 19922.000000
373 19588.000000
374 20678.000000
375 19961.000000
376 19706.000000
377 19921.000000
378 20667.000000
379 19853.000000
380 20436.000000
381 21100.000000
382 21135.000000
383 20300.000000
384 19799.000000
385 19401.000000
386 19730.000000
387 20352.000000
388 20614.000000
389 20405.000000
390 20432.000000
391 19973.000000
392 20089.000000
393 20109.000000
394 20113.000000
395 20579.000000
396 20381.000000
397 20366.000000
398 20833.000000
399 20786.000000
400 20886.000000
401 22524.000000
402 20339.000000
403 20480.000000
404 20807.000000
405 20408.000000
406 20992.000000
407 20906.000000
408 20884.000000
409 20856.000000
410 20640.000000
411 21010.000000
412 21268.000000
413 20956.000000
414 21444.000000
415 21286.000000
416 20844.000000
417 21177.000000
418 21260.000000
419 21360.000000
420 21608.000000
421 22622.000000
422 21990.000000
423 21841.000000
424 22964.000000
425 21827.000000
426 23294.000000
427 23381.000000
428 22100.000000
429 21520.000000
430 21922.000000
431 21867.000000
432 21978.000000
433 22192.000000
434 22096.000000
435 22112.000000
436 22263.000000
437 22704.000000
438 22489.000000
439 22429.000000
440 22278.000000
441 22432.000000
442 22577.000000
443 23031.000000
444 22302.000000
445 23868.000000
446 23858.000000
447 24147.000000
448 24019.000000
449 23900.000000
450 24026.000000
451 24093.000000
452 24364.000000
453 353463.000000
454 24757.000000
455 24605.000000
456 31644.000000
457 29632.000000
458 24800.000000
459 24499.000000
460 24296.000000
461 24339.000000
462 24657.000000
463 24170.000000
464 24711.000000
465 24669.000000
466 24762.000000
467 24860.000000
468 25013.000000
469 24881.000000
470 24877.000000
471 25028.000000
472 25570.000000
473 25265.000000
474 29686.000000
475 25169.000000
476 25570.000000
477 25180.000000
478 25841.000000
479 25844.000000
480 25866.000000
481 26499.000000
482 25882.000000
483 26005.000000
484 26093.000000
485 25963.000000
486 26009.000000
487 32242.000000
488 41025.000000
489 25775.000000
490 25842.000000
491 27008.000000
492 26130.000000
493 26258.000000
494 26707.000000
495 26862.000000
496 53998.000000
497 26342.000000
498 26698.000000
499 26567.000000
500 26593.000000
501 26596.000000
502 26682.000000
503 26518.000000
504 26613.000000
505 26332.000000
506 26580.000000
507 26767.000000
508 26938.000000
509 27380.000000
510 27003.000000
511 26918.000000
512 27001.000000
513 27061.000000
514 27276.000000
515 26969.000000
516 27513.000000
517 27474.000000
518 27401.000000
519 33327.000000
520 29137.000000
521 26468.000000
522 26829.000000
523 26578.000000
524 26891.000000
525 26568.000000
526 26700.000000
527 26750.000000
528 26821.000000
529 26857.000000
530 27070.000000
531 26791.000000
532 27034.000000
533 26883.000000
534 26637.000000
535 27205.000000
536 27215.000000
537 27179.000000
538 27278.000000
539 34630.000000
540 29374.000000
541 28455.000000
542 28625.000000
543 28651.000000
544 28583.000000
545 28687.000000
546 28760.000000
547 28828.000000
548 28839.000000
549 28657.000000
550 28946.000000
551 28991.000000
552 29014.000000
553 29224.000000
554 35367.000000
555 29636.000000
556 28927.000000
557 29045.000000
558 29224.000000
559 29075.000000
560 31459.000000
561 30922.000000
562 279090.000000
563 508001.000000
564 31319.000000
565 44339.000000
566 29788.000000
567 29703.000000
568 29869.000000
569 29895.000000
570 30564.000000
571 29978.000000
572 30102.000000
573 29504.000000
574 30458.000000
575 30101.000000
576 30113.000000
577 30139.000000
578 30163.000000
579 30311.000000
580 30432.000000
581 30353.000000
582 30301.000000
583 36353.000000
584 31360.000000
585 30753.000000
586 30684.000000
587 47222.000000
588 31943.000000
589 30763.000000
590 30939.000000
591 30765.000000
592 31056.000000
593 31458.000000
594 31449.000000
595 31186.000000
596 31273.000000
597 31281.000000
598 31678.000000
599 31147.000000
600 30800.000000
601 31472.000000
602 31555.000000
603 31797.000000
604 336871.000000
605 37202.000000
606 32428.000000
607 31587.000000
608 32297.000000
609 31776.000000
610 32520.000000
611 31502.000000
612 31747.000000
613 32055.000000
614 32008.000000
615 31998.000000
616 32073.000000
617 31721.000000
618 31778.000000
619 38183.000000
620 32438.000000
621 31971.000000
622 32392.000000
623 32444.000000
624 33070.000000
625 32298.000000
626 32621.000000
627 32671.000000
628 32826.000000
629 32812.000000
630 33520.000000
631 32940.000000
632 32586.000000
633 38864.000000
634 32912.000000
635 33310.000000
636 33273.000000
637 33224.000000
638 32728.000000
639 33165.000000
640 33237.000000
641 32847.000000
642 33331.000000
643 33381.000000
644 33569.000000
645 33453.000000
646 33086.000000
647 33616.000000
648 33092.000000
649 34041.000000
650 33651.000000
651 39332.000000
652 34111.000000
653 34206.000000
654 34126.000000
655 34026.000000
656 34814.000000
657 34115.000000
658 34284.000000
659 33662.000000
660 34304.000000
661 34237.000000
662 34391.000000
663 34399.000000
664 34200.000000
665 34564.000000
666 34527.000000
667 34513.000000
668 41058.000000
669 38713.000000
670 34966.000000
671 34887.000000
672 34884.000000
673 35024.000000
674 35719.000000
675 34998.000000
676 35133.000000
677 35090.000000
678 41173.000000
679 35618.000000
680 35288.000000
681 35378.000000
682 35358.000000
683 34934.000000
684 35251.000000
685 35441.000000
686 35134.000000
687 36370.000000
688 35567.000000
689 35721.000000
690 36005.000000
691 35867.000000
692 35837.000000
693 35784.000000
694 35492.000000
695 35941.000000
696 36069.000000
697 36138.000000
698 36359.000000
699 36141.000000
700 51481.000000
701 36413.000000
702 36208.000000
703 36436.000000
704 36459.000000
705 36705.000000
706 36806.000000
707 43437.000000
708 39338.000000
709 40498.000000
710 37096.000000
711 36747.000000
712 36512.000000
713 37312.000000
714 36977.000000
715 37111.000000
716 232520.000000
717 38460.000000
718 37167.000000
719 37078.000000
720 36866.000000
721 37459.000000
722 37078.000000
723 37378.000000
724 37376.000000
725 37493.000000
726 37592.000000
727 37394.000000
728 37403.000000
729 37658.000000
730 37740.000000
731 37739.000000
732 37936.000000
733 37710.000000
734 37999.000000
735 37976.000000
736 38613.000000
737 38047.000000
738 38203.000000
739 38198.000000
740 38401.000000
741 38190.000000
742 44204.000000
743 39201.000000
744 37603.000000
745 38356.000000
746 38416.000000
747 39366.000000
748 38694.000000
749 38906.000000
750 38229.000000
751 38727.000000
752 38579.000000
753 38859.000000
754 38861.000000
755 39851.000000
756 38998.000000
757 38915.000000
758 39000.000000
759 39059.000000
760 39199.000000
761 45622.000000
762 39533.000000
763 39497.000000
764 39552.000000
765 39292.000000
766 39537.000000
767 39124.000000
768 39587.000000
769 39659.000000
770 39758.000000
771 39818.000000
772 39400.000000
773 39915.000000
774 39932.000000
775 40223.000000
776 41504.000000
777 40627.000000
778 40874.000000
779 44520.000000
780 40364.000000
781 40988.000000
782 40269.000000
783 40209.000000
784 40367.000000
785 41252.000000
786 41102.000000
787 40527.000000
788 40617.000000
789 40493.000000
790 56644.000000
791 58038.000000
792 41291.000000
793 42114.000000
794 41724.000000
795 43220.000000
796 41918.000000
797 122350.000000
798 44128.000000
799 42076.000000
800 41216.000000
801 47197.000000
802 52679.000000
803 41355.000000
804 41347.000000
805 41594.000000
806 41386.000000
807 42364.000000
808 41479.000000
809 41470.000000
810 41621.000000
811 41653.000000
812 41791.000000
813 42141.000000
814 41829.000000
815 41247.000000
816 42783.000000
817 47582.000000
818 41718.000000
819 41880.000000
820 41530.000000
821 42151.000000
822 50008.000000
823 44104.000000
824 42244.000000
825 43189.000000
826 42380.000000
827 42548.000000
828 42453.000000
829 87738.000000
830 47660.000000
831 43591.000000
832 59951.000000
833 49631.000000
834 43448.000000
835 43213.000000
836 43487.000000
837 43765.000000
838 43458.000000
839 43536.000000
840 43151.000000
841 47929.000000
842 44128.000000
843 43291.000000
844 48402.000000
845 44379.000000
846 43340.000000
847 49713.000000
848 43826.000000
849 43967.000000
850 43547.000000
851 43975.000000
852 44133.000000
853 48699.000000
854 43316.000000
855 43077.000000
856 43768.000000
857 44251.000000
858 49583.000000
859 44333.000000
860 44215.000000
861 43974.000000
862 44379.000000
863 44503.000000
864 43622.000000
865 44335.000000
866 44339.000000
867 45349.000000
868 44573.000000
869 44228.000000
870 45489.000000
871 49821.000000
872 44752.000000
873 44686.000000
874 44783.000000
875 139954.000000
876 46422.000000
877 45668.000000
878 47676.000000
879 51217.000000
880 45666.000000
881 45126.000000
882 44445.000000
883 45346.000000
884 45338.000000
885 44822.000000
886 45245.000000
887 45248.000000
888 45052.000000
889 50268.000000
890 46058.000000
891 45564.000000
892 45761.000000
893 45673.000000
894 45720.000000
895 45806.000000
896 45635.000000
897 45468.000000
898 46023.000000
899 46417.000000
900 46048.000000
901 46097.000000
902 45985.000000
903 45724.000000
904 46336.000000
905 46223.000000
906 46324.000000
907 46352.000000
908 46485.000000
909 46457.000000
910 47481.000000
911 46552.000000
912 46595.000000
913 46703.000000
914 46535.000000
915 46879.000000
916 46812.000000
917 48226.000000
918 46906.000000
919 120975.000000
920 47785.000000
921 48505.000000
922 46974.000000
923 47152.000000
924 47723.000000
925 48351.000000
926 47385.000000
927 47250.000000
928 47348.000000
929 53783.000000
930 47686.000000
931 47179.000000
932 49486.000000
933 50103.000000
934 47902.000000
935 46965.000000
936 47647.000000
937 47722.000000
938 48871.000000
939 47915.000000
940 48197.000000
941 48083.000000
942 48092.000000
943 48132.000000
944 48084.000000
945 53857.000000
946 48306.000000
947 48261.000000
948 49302.000000
949 48360.000000
950 48477.000000
951 48419.000000
952 48605.000000
953 48544.000000
954 48516.000000
955 48733.000000
956 48029.000000
957 48609.000000
958 49106.000000
959 59294.000000
960 49244.000000
961 116046.000000
962 49722.000000
963 51306.000000
964 48896.000000
965 49335.000000
966 49302.000000
967 49276.000000
968 48812.000000
969 48729.000000
970 49154.000000
971 49501.000000
972 49759.000000
973 49427.000000
974 49585.000000
975 49606.000000
976 49823.000000
977 49785.000000
978 55033.000000
979 51234.000000
980 50204.000000
981 49997.000000
982 50953.000000
983 50107.000000
984 50157.000000
985 51274.000000
986 50340.000000
987 50442.000000
988 50509.000000
989 50719.000000
990 50409.000000
991 56046.000000
992 50998.000000
993 50540.000000
994 56573.000000
995 51156.000000
996 50842.000000
997 50613.000000
998 50732.000000
999 51758.000000
