1.000000
0.575237
0.418252
0.334616
0.281814
0.245096
0.217968
0.197122
0.180678
0.167452
0.156644
0.147679
0.140137
0.133701
0.128130
0.123243
0.118900
0.114994
0.111444
0.108186
0.105171
0.102360
0.099724
0.097236
0.094879
0.092636
0.090494
0.088442
0.086472
0.084575
0.082745
0.080977
0.079265
0.077607
0.075996
0.074432
0.072911
0.071430
0.069987
0.068580
0.067208
0.065868
0.064560
0.063282
0.062032
0.060811
0.059616
0.058447
0.057302
0.056183
0.055086
0.054012
0.052961
0.051930
0.050921
0.049932
0.048963
0.048014
0.047083
0.046171
0.045277
0.044400
0.043541
0.042699
0.041873
0.041064
0.040270
0.039492
0.038728
0.037980
0.037246
0.036527
0.035822
0.035130
0.034451
0.033786
0.033134
0.032494
0.031867
0.031252
0.030648
0.030057
0.029477
0.028908
0.028350
0.027802
0.027266
0.026740
0.026224
0.025717
0.025221
0.024734
0.024257
0.023789
0.023330
0.022880
0.022438
0.022005
0.021580
0.021164
0.020755
0.020355
0.019962
0.019577
0.019199
0.018829
0.018465
0.018109
0.017759
0.017417
0.017081
0.016751
0.016428
0.016111
0.015800
0.015495
0.015196
0.014903
0.014615
0.014333
0.014056
0.013785
0.013519
0.013258
0.013002
0.012752
0.012505
0.012264
0.012027
0.011795
0.011568
0.011345
0.011126
0.010911
0.010700
0.010494
0.010291
0.010093
0.009898
0.009707
0.009520
0.009336
0.009156
0.008979
0.008806
0.008636
0.008469
0.008306
0.008146
0.007988
0.007834
0.007683
0.007535
0.007389
0.007247
0.007107
0.006970
0.006835
0.006703
0.006574
0.006447
0.006323
0.006201
0.006081
0.005964
0.005849
0.005736
0.005625
0.005517
0.005410
0.005306
0.005203
0.005103
0.005004
0.004908
0.004813
0.004720
0.004629
0.004540
0.004452
0.004366
0.004282
0.004199
0.004118
0.004039
0.003961
0.003885
0.003810
0.003736
0.003664
0.003593
0.003524
0.003456
0.003389
0.003324
0.003260
0.003197
0.003135
0.003075
0.003015
0.002957
0.002900
0.002844
0.002789
0.002735
0.002683
0.002631
0.002580
0.002530
0.002481
0.002434
0.002387
0.002340
0.002295
0.002251
0.002208
0.002165
0.002123
0.002082
0.002042
0.002003
0.001964
0.001926
0.001889
0.001852
0.001817
0.001782
0.001747
0.001714
0.001681
0.001648
0.001616
0.001585
0.001555
0.001525
0.001495
0.001466
0.001438
0.001410
0.001383
0.001356
0.001330
0.001304
0.001279
0.001255
0.001230
0.001207
0.001183
0.001161
0.001138
0.001116
0.001095
0.001073
0.001053
0.001032
0.001013
0.000993
