10 0.111400
20 0.212800
30 0.318000
40 0.402600
50 0.523800
60 0.634200
70 0.712800
80 0.789400
90 1.324600
100 1.035200
110 1.096200
120 1.194400
130 1.303400
140 1.389800
150 1.501000
160 1.609200
170 2.284400
180 1.751600
190 1.874600
200 2.028000
210 2.125000
220 2.225200
230 2.264800
240 2.334800
250 2.526400
260 2.621600
270 2.680600
280 2.830200
290 3.022800
300 2.963600
310 3.051400
320 3.145000
330 3.341200
340 3.437400
350 3.456200
360 3.633400
370 3.625600
380 3.715000
390 3.854800
400 3.915600
410 4.148600
420 4.105600
430 4.235200
440 4.351600
450 4.397400
460 4.689600
470 4.824000
480 4.653400
490 4.830000
500 5.002200
510 5.129800
520 5.234600
530 5.323600
540 5.432800
550 5.406600
560 5.462200
570 5.751800
580 5.837400
590 5.959000
600 6.009600
610 6.164200
620 6.268400
630 6.336200
640 6.241600
650 6.529800
660 6.658400
670 6.607000
680 6.846400
690 6.937200
700 6.792600
710 7.204600
720 7.233000
730 7.209000
740 7.494200
750 7.558600
760 7.398000
770 7.399000
780 7.685400
790 8.126400
800 7.875000
810 8.174400
820 8.057400
830 8.116000
840 8.550200
850 8.597200
860 8.654600
870 8.571800
880 8.656200
890 8.971400
900 8.874600
910 9.070000
920 9.256800
930 9.350800
940 9.427200
950 9.213200
960 9.426200
970 9.689600
980 9.503600
990 9.747000
