10 0.108800
20 0.224600
30 0.310000
40 0.579800
50 0.512200
60 0.597200
70 0.715600
80 0.824600
90 0.902800
100 1.013000
110 1.107000
120 1.208400
130 1.329400
140 1.387000
150 1.486000
160 1.578800
170 1.725800
180 1.793000
190 1.934600
200 2.026200
210 2.064000
220 2.240000
230 2.312200
240 2.381600
250 2.466800
260 2.615400
270 2.671800
280 2.769000
290 2.959000
300 3.048400
310 3.051200
320 3.249400
330 3.323600
340 3.349200
350 3.520400
360 3.624000
370 3.662400
380 3.705800
390 3.864000
400 3.939200
410 4.031600
420 4.124800
430 4.598000
440 4.361400
450 4.396000
460 4.564400
470 4.754400
480 4.850000
490 4.941800
500 4.881400
510 5.131200
520 5.233800
530 5.229600
540 5.242000
550 5.504800
560 5.675800
570 5.622800
580 5.860600
590 5.746400
600 5.842400
610 5.954200
620 6.288200
630 6.541800
640 6.233600
650 6.385200
660 6.507600
670 6.622600
680 6.712200
690 6.832600
700 6.884800
710 7.174800
720 6.974000
730 7.199600
740 7.192200
750 7.262400
760 7.481600
770 7.630000
780 7.642200
790 7.710000
800 7.781800
810 7.999400
820 8.258600
830 8.195200
840 8.163200
850 8.332000
860 8.432400
870 8.752200
880 8.546200
890 8.650600
900 9.048000
910 8.883400
920 9.054200
930 9.036400
940 9.265600
950 9.199200
960 9.459000
970 9.436800
980 9.865200
990 9.760000
